00001111000111110001111100011111000111110111111111111111011111110001111100011111000111110001111100001111
00000000000001110000110000011111011111001111110011111100111111000111110000011111000011000000011100000000
00000011000011110001110011111110011111000001110000011100000111000111110011111110000111000000111100000011
00000011000001100000110000011000001100000111110011111110011111000011000000011000000011000000011000000011
00000100000000010001001100000011000001111011001100001111001011110000001100101111010010010000010000000011
00000000000001110000100010011111010001001011100000100000101110000100010000011111000010000000011100000000
00000011000011110001010010101010010001000001010000000000000101000100010010101010000101000000111100000011
00000010000001000000100000011000001000000101010000000000001101000010000000011000000010000000011000000000
100001111110000
000011111100001
001110010111100101111010011011101110110011111010111110101110110001101110011110100111100100111001
001110000111101001111111011011011110110011111010111110101110110001101101011111110111101000111000
000000000000111000011000101111100110110100111101001111000011110101101101101111100001100000001110
000000000111100000011101101111100110110000111100001111000011110001101100101111100001110101111000
000000000000000000011010001111010110100011111100111111000110100000111101000110100000000000000000
000000000000000000011001001110100110110111111010111110100110110100111010000110010000000000000000
0000100000110000111100110111011111011111001110100111111011111101110100111110001111100110111001111000011000000100
0001000100100101000100010100100000101000100000000010001010000010010100010001010010010001000
00111000000111110000111111100011111111000111111110001111111101111111101111111100111111100001111100000011100000
1110110101101011010110111
1111110001100011000110001
1111100100001000010011111
10000011000001100100110010011111111
1000101010001000101010001
1111110101101011010101010
